JUst some useful position and torque data that we were experimenting with.


[-0.09227824306318363, 0.430190873640498, 0.8323796693487642, -0.2609363661187604, -0.018829558307474795, 1.1692706236290915, 0.03197057389251831, 0.5526125257703907, -0.0048708725325490605, 1.3165153336498214, 0.16661570434230377, -0.08623416651232814, 1.415768504797971, -0.14116149449750168, 1.1921245411656307, 0.3005487038606788]
[0.01676954999927868, 0.26580523821063673, 0.8469803776167786, -0.2162697010746664, -0.07668378959188774, 1.2488297729215219, 0.06735816877768114, 0.6326250985413325, -0.16811675211034066, 1.3681880520040577, 0.17624526403830673, -0.11601390020130084, 1.4582298283968393, -0.059353000408307675, 1.194890944617323, 0.23167143880740942]





open: -0.21099032665439696, 1.147312382846719, 0.5380787292191792, -0.2713574345244885, -0.22341871003688965, 1.663758412451778, 0.23624543018658536, 0.7548821058377237, -0.05950665342353481, 1.5718463007237473, 0.6452307814626448, 0.58384435534976, 1.4845263261593928, -0.13675528244063248, 0.3670343897947564, 0.3604042357978562
closed: -0.24709335757504058, 1.4715217699088536, 0.32278705114934725, -0.2716326918091771, -0.16263414790892625, 1.6846848516961679, 0.3041048564615425, 0.7552843096552739, 0.0067426569318749865, 1.6501909261786696, 0.6017943714853523, 0.5810141381197463, 1.461353945386369, -0.1756318495791484, 0.2912508992765637, 0.36019712516259017









open: -0.3314202879442053, 1.0216430117031798, 0.5275928169000874, 0.10604080579653306, -0.01705770339662026, 1.4373053001543081, 0.7373837813036908, 0.8420134329225456, 0.14749850539608658, 1.657157788003103, 0.6110565165121729, 0.6625978992047981, 1.5124459702459363, -0.08388798030301364, 0.23913686113542146, 0.44829539815434943
closed: -0.2356322608547473, 0.9886802417616652, 0.9287545442092159, -0.10333903217076101, 0.016712733797091005, 1.4368701239203743, 0.7678650416245025, 0.8554589199122759, 0.1810398771936865, 1.7120161247701944, 0.5622302098053933, 0.6613191091281826, 1.4771488689430239, 0.03418274236377752, 0.2643545748718263, 0.38159725043564174


-0.2370298077651588, 0.9715805532538941, 0.9140736033274052, -0.14898650474753958, 0.016046009381220347, 1.4700741432760862, 0.8235882162169725, 0.910192816678771, 0.1867893212661241, 1.6713711274200427, 0.5179668572555998, 0.6190185121397445, 1.5124426057842804, 0.06250735054817255, 0.2078336464190669, 0.34316620766812533
